请输入年份[1900-2100]
请输入每行打印的月份数[1/2/3/4/6/12]
1937年的日历:

            1月
Sun Mon Tue Wed Thu Fri Sat
                    1   2   
3   4   5   6   7   8   9   
10  11  12  13  14  15  16  
17  18  19  20  21  22  23  
24  25  26  27  28  29  30  
31                          

            2月
Sun Mon Tue Wed Thu Fri Sat
    1   2   3   4   5   6   
7   8   9   10  11  12  13  
14  15  16  17  18  19  20  
21  22  23  24  25  26  27  
28                          

            3月
Sun Mon Tue Wed Thu Fri Sat
    1   2   3   4   5   6   
7   8   9   10  11  12  13  
14  15  16  17  18  19  20  
21  22  23  24  25  26  27  
28  29  30  31              

            4月
Sun Mon Tue Wed Thu Fri Sat
                1   2   3   
4   5   6   7   8   9   10  
11  12  13  14  15  16  17  
18  19  20  21  22  23  24  
25  26  27  28  29  30      

            5月
Sun Mon Tue Wed Thu Fri Sat
                        1   
2   3   4   5   6   7   8   
9   10  11  12  13  14  15  
16  17  18  19  20  21  22  
23  24  25  26  27  28  29  
30  31                      

            6月
Sun Mon Tue Wed Thu Fri Sat
        1   2   3   4   5   
6   7   8   9   10  11  12  
13  14  15  16  17  18  19  
20  21  22  23  24  25  26  
27  28  29  30              

            7月
Sun Mon Tue Wed Thu Fri Sat
                1   2   3   
4   5   6   7   8   9   10  
11  12  13  14  15  16  17  
18  19  20  21  22  23  24  
25  26  27  28  29  30  31  

            8月
Sun Mon Tue Wed Thu Fri Sat
1   2   3   4   5   6   7   
8   9   10  11  12  13  14  
15  16  17  18  19  20  21  
22  23  24  25  26  27  28  
29  30  31                  

            9月
Sun Mon Tue Wed Thu Fri Sat
            1   2   3   4   
5   6   7   8   9   10  11  
12  13  14  15  16  17  18  
19  20  21  22  23  24  25  
26  27  28  29  30          

           10月
Sun Mon Tue Wed Thu Fri Sat
                    1   2   
3   4   5   6   7   8   9   
10  11  12  13  14  15  16  
17  18  19  20  21  22  23  
24  25  26  27  28  29  30  
31                          

           11月
Sun Mon Tue Wed Thu Fri Sat
    1   2   3   4   5   6   
7   8   9   10  11  12  13  
14  15  16  17  18  19  20  
21  22  23  24  25  26  27  
28  29  30                  

           12月
Sun Mon Tue Wed Thu Fri Sat
            1   2   3   4   
5   6   7   8   9   10  11  
12  13  14  15  16  17  18  
19  20  21  22  23  24  25  
26  27  28  29  30  31      


