56 77 58 81 68 77 37 94 7 73 
67 98 92 100 54 81 56 66 63 53 
51 39 80 78 8 83 65 22 1 33 
71 12 33 21 90 16 20 40 100 35 
79 47 82 62 16 20 70 93 84 5 
1 100 95 3 27 19 44 5 62 83 
21 93 80 93 71 43 18 62 53 7 
13 37 73 75 77 34 89 23 21 76 
91 84 50 72 51 92 97 31 80 54 
51 79 33 89 9 58 2 26 31 83 
75 47 2 96 8 27 20 14 52 16 
92 58 35 99 14 26 38 8 43 97 
83 31 3 75 52 90 59 13 36 49 
15 68 9 42 28 6 82 98 61 90 
36 68 33 35 36 53 21 94 43 72 
22 81 94 78 66 86 51 19 34 62 
34 70 7 63 53 48 65 47 38 73 
60 98 69 2 80 44 80 59 73 10 
66 60 37 17 18 71 18 13 29 5 
97 46 20 28 3 96 54 64 65 54 
61 77 83 8 21 4 34 64 58 82 
1 76 52 37 49 12 100 82 98 10 
99 31 89 6 38 42 100 6 37 48 
21 99 65 58 85 100 34 73 21 69 
41 7 57 6 89 56 57 37 43 34 
91 76 74 11 91 83 99 80 86 16 
80 62 83 11 15 87 37 48 6 9 
19 77 92 61 35 40 15 12 82 35 
16 59 40 100 95 35 96 39 16 65 
64 96 18 93 45 92 14 98 1 56 
8 16 48 57 19 88 80 32 79 59 
73 17 41 68 83 75 3 75 31 25 
85 82 74 72 74 17 64 76 99 21 
99 98 23 11 79 21 58 87 47 1 
47 54 14 80 25 95 24 76 82 49 
40 43 91 26 24 7 23 73 29 3 
83 52 97 12 91 72 4 22 91 22 
30 12 48 24 46 71 75 67 92 33 
41 79 15 23 55 88 15 45 88 65 
56 36 1 95 64 69 35 31 78 68 
92 51 37 23 81 88 4 68 57 80 
43 72 79 57 90 65 49 36 49 56 
86 2 43 20 98 4 75 47 69 70 
54 48 13 54 67 80 56 88 92 16 
59 35 81 62 3 77 19 93 22 78 
77 77 79 41 55 1 20 2 50 97 
86 97 48 8 1 5 75 78 45 71 
48 88 49 44 41 68 26 34 88 87 
15 40 6 60 44 4 82 7 53 60 
23 4 82 64 9 36 52 4 23 60 
28 30 70 53 13 12 33 98 100 97 
98 12 62 48 50 96 28 36 7 34 
16 16 9 48 81 84 100 71 36 41 
74 16 17 27 47 34 4 81 56 54 
3 78 98 0 32 47 9 4 34 6 
72 6 22 46 92 64 6 84 77 24 
19 30 69 28 23 87 95 55 8 14 
68 84 60 49 84 54 31 77 47 84 
36 18 96 58 17 17 3 13 8 79 
65 90 3 67 90 23 71 16 52 7 
91 72 75 40 93 51 8 43 68 1 
82 50 80 30 94 95 98 23 22 71 
96 69 70 73 81 84 38 79 9 70 
27 66 51 80 26 66 95 74 75 10 
76 20 69 27 54 47 37 90 39 34 
86 48 32 87 9 92 95 5 79 5 
95 17 67 61 52 56 34 85 15 6 
41 64 79 14 36 27 74 46 76 1 
66 18 21 60 68 50 96 4 50 79 
89 18 47 71 39 62 67 12 70 90 
32 68 3 84 38 55 86 66 26 92 
43 41 24 62 73 100 96 7 65 26 
18 34 23 80 4 32 84 37 86 73 
79 99 69 63 83 31 19 85 95 96 
98 78 10 49 64 36 74 19 78 81 
66 37 92 80 54 42 16 16 78 39 
20 52 39 89 27 15 25 24 9 81 
30 72 46 98 89 88 75 59 61 65 
48 91 86 5 67 18 11 51 91 41 
20 45 20 2 2 28 16 5 100 6 
45 68 17 40 43 94 12 34 21 61 
30 29 99 34 90 52 18 30 3 11 
7 84 26 32 82 14 97 76 67 27 
14 90 0 29 71 97 16 33 55 37 
75 19 24 49 34 35 14 80 4 24 
68 6 13 91 1 15 82 87 80 39 
56 65 91 14 24 7 81 24 22 75 
31 68 31 96 32 45 29 63 21 6 
97 53 73 23 14 55 77 24 57 25 
83 74 45 30 27 74 32 1 11 57 
29 2 34 67 87 73 3 51 17 3 
6 18 22 41 49 40 75 73 54 14 
100 17 73 80 52 82 8 2 1 14 
44 31 52 34 83 46 22 70 31 35 
45 85 38 84 25 47 17 38 28 9 
57 51 75 15 17 94 7 34 39 -1
